Starting 111607469686371719
111607469686371719, 32, 0.000081728000
Starting 831452134661492278
831452134661492278, 32, 0.000085006000
Starting 1614590796552106446
1614590796552106446, 64, 0.000039698000
Starting 7526710096850886867
7526710096850886867, 64, 0.000041632000
Starting 8572558672939050206
8572558672939050206, 64, 0.000049856000
Starting 3673265143070928417
3673265143070928417, 64, 0.000054060000
Starting 1632311595828766787
1632311595828766787, 64, 0.000049872000
Starting 3939779216228249602
3939779216228249602, 64, 0.000053952000
Starting 4201074276024566021
4201074276024566021, 64, 0.000054136000
Starting 2459753800774393485
2459753800774393485, 64, 0.000062272000
Starting 7533467151762983521
7533467151762983521, 64, 0.000058636000
Starting 2808567560900189761
2808567560900189761, 64, 0.000052182000
Starting 663806378586358479
663806378586358479, 64, 0.000068796000
Starting 2144838751580649700
2144838751580649700, 64, 0.000112030000
Starting 1509378011739455975
1509378011739455975, 62, 0.000069046000
Starting 42398958911060277
42398958911060277, 62, 0.000073414000
Starting 5691423555038990903
5691423555038990903, 64, 0.000049888000
Starting 7989548436017905054
7989548436017905054, 64, 0.000052754000
Starting 1509351976374688001
1509351976374688001, 64, 0.000087300000
Starting 6911594680802923566
6911594680802923566, 64, 0.000087256000
Starting 7172788339577102621
7172788339577102621, 64, 0.000110638000
Starting 5298737691918445588
5298737691918445588, 64, 0.000110628000
Starting 2531808950987244316
2531808950987244316, 64, 0.000110540000
Starting 7102390381518171940
7102390381518171940, 64, 0.000110874000
Starting 187628986995658452
187628986995658452, 16, 0.000111520000
Starting 6236600634576736730
6236600634576736730, 0, 0.000001358000
Starting 5834579523300399027
5834579523300399027, 64, 0.000152656000
Starting 8967422936831476774
8967422936831476774, 64, 0.000075808000
Starting 3162712456181568466
3162712456181568466, 12, 0.000025884000
Starting 5473695213846660437
5473695213846660437, 64, 0.000055956000
Starting 3600457005509517804
3600457005509517804, 62, 0.000057624000
Starting 2039182801178976861
2039182801178976861, 64, 0.000090578000
Starting 4778679062202097750
4778679062202097750, 64, 0.000089474000
Starting 4544713321748592948
4544713321748592948, 64, 0.000098392000
Starting 9095019245952007444
9095019245952007444, 16, 0.000014920000
Starting 6305142587415161433
6305142587415161433, 16, 0.000020018000
Starting 2284904478765774332
2284904478765774332, 16, 0.000023210000
Starting 8326561041103489156
8326561041103489156, 6, 0.000006798000
Starting 4009432469181413516
4009432469181413516, 16, 0.000003572000
Starting 5532688291447189743
5532688291447189743, 2, 0.000000692000
Starting 4730057938140355578
4730057938140355578, 2, 0.000000694000
Starting 3667513628662800602
3667513628662800602, 0, 0.000001188000
Starting 5032467681172131502
5032467681172131502, 0, 0.000001304000
Starting 8249291902079240423
8249291902079240423, 0, 0.000001528000
Starting 8354477412088928973
8354477412088928973, 0, 0.000001336000
Starting 8374305558262967388
8374305558262967388, 0, 0.000001258000
Starting 1542567948364502424
1542567948364502424, 0, 0.000001396000
Starting 6270859659673328001
6270859659673328001, 16, 0.000016258000
Starting 2784721115620145158
2784721115620145158, 16, 0.000017764000
Starting 8278467823361407334
8278467823361407334, 1984, 0.000171324000
Starting 7864317407289212528
7864317407289212528, 0, 0.000000940000
Starting 2621438523733065157
2621438523733065157, 64, 0.000046754000
Starting 8156660819232183116
8156660819232183116, 64, 0.000030208000
Starting 8369083212789765581
8369083212789765581, 64, 0.000042430000
Starting 4748031156392306136
4748031156392306136, 64, 0.000044446000
Starting 8858575897404527431
8858575897404527431, 64, 0.000075340000
Starting 3495974790520701879
3495974790520701879, 64, 0.000080304000
Starting 6412802309213696629
6412802309213696629, 64, 0.000077260000
Starting 8909122879237298341
8909122879237298341, 6, 0.000002504000
Starting 9041877264350157420
9041877264350157420, 64, 0.000046904000
Starting 213907042061790857
213907042061790857, 64, 0.000054476000
Starting 45709880636241718
45709880636241718, 64, 0.000090928000
Starting 4813893464920685134
4813893464920685134, 64, 0.000081204000
Starting 2627754332148799504
2627754332148799504, 64, 0.000051148000
Starting 7143459704642417744
7143459704642417744, 64, 0.000052444000
Starting 438006450254471358
438006450254471358, 64, 0.000006470000
Starting 4270141200573529618
4270141200573529618, 64, 0.000035776000
Starting 716823191244448269
716823191244448269, 62, 0.000088568000
Starting 7176265638144046137
7176265638144046137, 64, 0.000111408000
Starting 2130424614815054412
2130424614815054412, 64, 0.000105448000
Starting 4217261415354434404
4217261415354434404, 64, 0.000107304000
Starting 7539387912237992907
7539387912237992907, 64, 0.000108428000
Starting 9065133457119316857
9065133457119316857, 64, 0.000030556000
Starting 1894596827004715984
1894596827004715984, 64, 0.000029196000
Starting 4848572687941946115
4848572687941946115, 16, 0.000108306000
Starting 796485887511503368
796485887511503368, 16, 0.000134856000
Starting 3154925656190869077
3154925656190869077, 32, 0.000506258000
Starting 5048343774377088610
5048343774377088610, 32, 0.000631732000
Starting 4597842571693107868
4597842571693107868, 64, 0.000141568000
Starting 968291121248960061
968291121248960061, 32, 0.000016774000
Starting 8960332461735657761
8960332461735657761, 64, 0.000063348000
Starting 616032062960450668
616032062960450668, 64, 0.000032842000
Starting 4667535673068892657
4667535673068892657, 64, 0.000030366000
Starting 4864252339008675633
4864252339008675633, 64, 0.000031410000
Starting 9079931458200685358
9079931458200685358, 64, 0.000031566000
Starting 6850019626011146626
6850019626011146626, 64, 0.000122272000
Starting 2665432816139228129
2665432816139228129, 130, 0.000163500000
Starting 4492266854392085359
4492266854392085359, 64, 0.000104792000
Starting 5237881122575970485
5237881122575970485, 64, 0.000099904000
Starting 5484796419744250012
5484796419744250012, 64, 0.000101184000
Starting 6341953977919227926
6341953977919227926, 64, 0.000106932000
Starting 2666438969761860575
2666438969761860575, 16, 0.000010614000
Starting 7384300437839409085
7384300437839409085, 64, 0.000077456000
Starting 3565500777549288525
3565500777549288525, 64, 0.000078820000
Starting 2233776689857881435
2233776689857881435, 64, 0.000080480000
Starting 4382438969276377023
4382438969276377023, 64, 0.000091220000
Starting 2945471066104992294
2945471066104992294, 64, 0.000075072000
Starting 8382232408683387845
8382232408683387845, 64, 0.000133770000
Starting 4940477506042120513
4940477506042120513, 64, 0.000075306000
Starting 8000828898035688965
8000828898035688965, 64, 0.000067564000
Starting 4108276566690917824
4108276566690917824, 64, 0.000067536000
Starting 7130335285449345408
7130335285449345408, 64, 0.000130510000
Starting 3777751832074016419
3777751832074016419, 64, 0.000068896000
Starting 1901022545367788168
1901022545367788168, 64, 0.000068968000
Starting 806658449033517232
806658449033517232, 64, 0.000068836000
Starting 7277737263035574146
7277737263035574146, 64, 0.000130512000
Starting 5682383731409185163
5682383731409185163, 64, 0.000072872000
Starting 3712360521924362953
3712360521924362953, 64, 0.000068900000
Starting 7030866200899526053
7030866200899526053, 64, 0.000068848000
Starting 3604910207011214188
3604910207011214188, 64, 0.000047342000
Starting 2142363541202263281
2142363541202263281, 64, 0.000048360000
Starting 8649076076433968321
8649076076433968321, 64, 0.000039236000
Starting 5108854744677133893
5108854744677133893, 64, 0.000034984000
Starting 2787037749574476564
2787037749574476564, 64, 0.000056284000
Starting 2952459994638900274
2952459994638900274, 64, 0.000051030000
Starting 3905724777394490989
3905724777394490989, 64, 0.000051196000
Starting 8145475087071499185
8145475087071499185, 0, 0.000001232000
Starting 2949117437327062317
2949117437327062317, 64, 0.000050500000
Starting 3573306541672727116
3573306541672727116, 64, 0.000050728000
Starting 5058830678729735
5058830678729735, 64, 0.000063960000
Starting 6716782518061666103
6716782518061666103, 64, 0.000060318000
Starting 3901729892807778678
3901729892807778678, 64, 0.000068438000
Starting 550627841608488046
550627841608488046, 64, 0.000071928000
Starting 1022584202295288301
1022584202295288301, 64, 0.000041288000
Starting 8643601685582160535
8643601685582160535, 64, 0.000050464000
Starting 6065457359644343634
6065457359644343634, 32, 0.000070030000
Starting 8860848666655600295
8860848666655600295, 64, 0.000190024000
Starting 8047993781124529548
8047993781124529548, 14, 0.000010136000
Starting 717506110695295222
717506110695295222, 14, 0.000009888000
Starting 5278116749686491837
5278116749686491837, 64, 0.000046516000
Starting 7193614834774252502
7193614834774252502, 64, 0.000079384000
Starting 2901133052628383464
2901133052628383464, 64, 0.000079628000
Starting 3791777222877585032
3791777222877585032, 4, 0.000005272000
Starting 562906644779409154
562906644779409154, 6, 0.000007446000
Starting 182036203568791326
182036203568791326, 8, 0.000009586000
Starting 3290615449551629587
3290615449551629587, 8, 0.000005196000
Starting 1454402301886474033
1454402301886474033, 16, 0.000017726000
Starting 5423273589142520064
5423273589142520064, 16, 0.000018824000
Starting 9207441806019490844
9207441806019490844, 16, 0.000017792000
Starting 6639434488455968248
6639434488455968248, 16, 0.000016438000
Starting 8095455504951228910
8095455504951228910, 16, 0.000016730000
Starting 240161057718540683
240161057718540683, 0, 0.000001598000
Starting 7759843351526057925
7759843351526057925, 0, 0.000001460000
Starting 3810270358395914704
3810270358395914704, 2, 0.000001420000
Starting 8488238877075975763
8488238877075975763, 2, 0.000001394000
Starting 4540421296117233633
4540421296117233633, 2, 0.000001044000
Starting 9116562559496504550
9116562559496504550, 2, 0.000001284000
Starting 6365400051478866625
6365400051478866625, 2, 0.000001326000
Starting 1412883609706083800
1412883609706083800, 2, 0.000001414000
Starting 2000790843979634107
2000790843979634107, 2, 0.000001230000
Starting 1108604868837759720
1108604868837759720, 2, 0.000001218000
Starting 7157589873536850138
7157589873536850138, 64, 0.000069496000
Starting 3948937073300433396
3948937073300433396, 64, 0.000070258000
Starting 5504045094829994911
5504045094829994911, 64, 0.000080524000
Starting 4688276172501251002
4688276172501251002, 64, 0.000078880000
Starting 7085799127246006070
7085799127246006070, 64, 0.000050108000
Starting 1106731286138247349
1106731286138247349, 64, 0.000048886000
Starting 9107743703611172814
9107743703611172814, 16, 0.000003560000
Starting 7896028326359989258
7896028326359989258, 16, 0.000003464000
Starting 5802440628218305663
5802440628218305663, 16, 0.000003472000
Starting 2464514807046085208
2464514807046085208, 16, 0.000017754000
Starting 576482676659602553
576482676659602553, 16, 0.000018650000
Starting 8589656808948055109
8589656808948055109, 16, 0.000018520000
Starting 7659012648211781548
7659012648211781548, 8, 0.000012554000
Starting 9097948912371386113
9097948912371386113, 0, 0.000001032000
Starting 7660621528642219471
7660621528642219471, 8, 0.000004426000
Starting 8803608802077197987
8803608802077197987, 8, 0.000005472000
Starting 6452948146837221039
6452948146837221039, 6, 0.000001214000
Starting 7480799493805258900
7480799493805258900, 16, 0.000011044000
Starting 5429422881749320966
5429422881749320966, 0, 0.000001486000
Starting 1438850789341289441
1438850789341289441, 16, 0.000006796000
Starting 849113748987495437
849113748987495437, 16, 0.000009400000
Starting 2323131521348346867
2323131521348346867, 120, 0.000078390000
Starting 7596239110763830426
7596239110763830426, 80, 0.000066922000
Starting 4503066339305863053
4503066339305863053, 60, 0.000061826000
Starting 2646757206827938304
2646757206827938304, 64, 0.000066132000
Starting 2093064100396126542
2093064100396126542, 16, 0.000012198000
Starting 7024937779429142885
7024937779429142885, 0, 0.000001856000
Starting 7632193458216643646
7632193458216643646, 32, 0.000014466000
Starting 8764410040216368660
8764410040216368660, 0, 0.000001454000
Starting 4586225372258820326
4586225372258820326, 64, 0.000152510000
Starting 4948100492244881144
4948100492244881144, 64, 0.000123400000
Starting 7537583856121698147
7537583856121698147, 64, 0.000019608000
Starting 8277557105440916595
8277557105440916595, 64, 0.000051844000
Starting 7292054203956760042
7292054203956760042, 64, 0.000052134000
Starting 4940382571947263020
4940382571947263020, 64, 0.000019580000
Starting 290201981567881107
290201981567881107, 64, 0.000044960000
Starting 4743933246322163558
4743933246322163558, 64, 0.000045556000
Starting 4026808599258777607
4026808599258777607, 0, 0.000002032000
Starting 5577483941846773340
5577483941846773340, 0, 0.000002096000
Starting 8635842442283995711
8635842442283995711, 64, 0.000060038000
Starting 8855096724640552829
8855096724640552829, 64, 0.000055108000
Starting 7599188873723208923
7599188873723208923, 32, 0.000014452000
Starting 3728989143031818670
3728989143031818670, 0, 0.000001524000
Starting 2668502325545880951
2668502325545880951, 64, 0.000164680000
Starting 6621806910689069092
6621806910689069092, 64, 0.000130056000
Starting 5227432666284446780
5227432666284446780, 34, 0.000003490000
Starting 930039120817329253
930039120817329253, 18, 0.000010480000
Starting 1939716824042330288
1939716824042330288, 10, 0.000018216000
Starting 2300523628163189908
2300523628163189908, 62, 0.000011220000
Starting 5347006177403919507
5347006177403919507, 0, 0.000000708000
Starting 3643429753681520281
3643429753681520281, 0, 0.000000658000
Starting 8616692987010718965
8616692987010718965, 0, 0.000000684000
Starting 7739796238813766695
7739796238813766695, 8, 0.000045950000
Starting 6302707169635562778
6302707169635562778, 8, 0.000026132000
Starting 373509359513490841
373509359513490841, 64, 0.000134810000
Starting 7424330971455531762
7424330971455531762, 64, 0.000123206000
Starting 3616344026292083603
3616344026292083603, 0, 0.000000680000
Starting 2924502829269509984
2924502829269509984, 64, 0.000084320000
Starting 3010556009182817850
3010556009182817850, 64, 0.000053716000
Starting 8682289267691255778
8682289267691255778, 128, 0.000023338000
Starting 7274790563727412327
7274790563727412327, 60, 0.000129396000
Starting 475251410707048610
475251410707048610, 16, 0.000021190000
Starting 1622656704614354322
1622656704614354322, 16, 0.000019460000
Starting 3042350290662566217
3042350290662566217, 0, 0.000000584000
Starting 2921603358439911693
2921603358439911693, 16, 0.000003022000
Starting 1877894836242694525
1877894836242694525, 124, 0.000103232000
Starting 5959061796270039595
5959061796270039595, 14, 0.000011032000
Starting 5458170494912941574
5458170494912941574, 64, 0.000040454000
Starting 4841381695475748445
4841381695475748445, 16, 0.000030138000
Starting 9068175762943653345
9068175762943653345, 512, 0.000499002000
Starting 1528738765613694575
1528738765613694575, 512, 0.000455008000
Starting 9126305361535361330
9126305361535361330, 512, 0.000504510000
Starting 7081205589196774393
7081205589196774393, 0, 0.000001380000
Starting 2468566121140594045
2468566121140594045, 64, 0.000065368000
Starting 8838719439674219414
8838719439674219414, 16, 0.000009618000
Starting 4239145399011114071
4239145399011114071, 16, 0.000007478000
Starting 2927842070142236283
2927842070142236283, 16, 0.000013958000
Starting 5548778786745078524
5548778786745078524, 8, 0.000002292000
Starting 7091179646661099714
7091179646661099714, 62, 0.000009200000
Starting 8502040392138284046
8502040392138284046, 64, 0.000076936000
Starting 8563513951121225297
8563513951121225297, 16, 0.000011748000
Starting 2341182068320009933
2341182068320009933, 16, 0.000014622000
Starting 3509566294730189068
3509566294730189068, 16, 0.000015372000
Starting 1657907986360085691
1657907986360085691, 16, 0.000002006000
Starting 3521944729326450719
3521944729326450719, 16, 0.000002004000
Starting 3628569155114458514
3628569155114458514, 40, 0.000038742000
Starting 1870485106368211658
1870485106368211658, 0, 0.000001366000
Starting 477633632471257360
477633632471257360, 8, 0.000012408000
Starting 4920281669347815225
4920281669347815225, 16, 0.000003034000
Starting 519465401874783243
519465401874783243, 16, 0.000015700000
Starting 5901074857990377806
5901074857990377806, 32, 0.000026708000
Starting 2295763974297412040
2295763974297412040, 32, 0.000026356000
Starting 2650728210316587954
2650728210316587954, 32, 0.000034256000
Starting 148983224207420745
148983224207420745, 0, 0.000001228000
Starting 8215434643131582110
8215434643131582110, 6, 0.000006986000
Starting 6305579830971630328
6305579830971630328, 64, 0.000065608000
Starting 6491779479644914394
6491779479644914394, 62, 0.000090572000
Starting 7060428761352075466
7060428761352075466, 64, 0.000052640000
Starting 4278003890815815422
4278003890815815422, 64, 0.000074636000
Starting 7293429680680959449
7293429680680959449, 64, 0.000074808000
Starting 602904590539149965
602904590539149965, 64, 0.000064192000
Starting 3983851132575909953
3983851132575909953, 64, 0.000121328000
Starting 8943781845080100065
8943781845080100065, 64, 0.000122476000
Starting 2375053559574504397
2375053559574504397, 64, 0.000053392000
Starting 5911174690763387141
5911174690763387141, 64, 0.000053660000
Starting 8915771083736944463
8915771083736944463, 64, 0.000053792000
Starting 590115168916554158
590115168916554158, 64, 0.000052864000
Starting 5837437084557605923
5837437084557605923, 64, 0.000065532000
Starting 7068769216951316300
7068769216951316300, 62, 0.000102522000
Starting 4198873379401922823
4198873379401922823, 64, 0.000081448000
Starting 6640595294108164975
6640595294108164975, 62, 0.000106456000
Starting 9125250219144848986
9125250219144848986, 62, 0.000089252000
Starting 3652636255526170779
3652636255526170779, 64, 0.000052308000
Starting 1208104962780156206
1208104962780156206, 64, 0.000070444000
Starting 2094909353367582366
2094909353367582366, 64, 0.000052880000
Starting 6292991092053925778
6292991092053925778, 64, 0.000053064000
Starting 3519180046834776099
3519180046834776099, 64, 0.000052926000
Starting 3444485158546921707
3444485158546921707, 64, 0.000053224000
Starting 6896669953368708579
6896669953368708579, 62, 0.000089188000
Starting 6611911583297492219
6611911583297492219, 64, 0.000070478000
Starting 44695227669716901
44695227669716901, 32, 0.000007564000
Starting 1495120707449375529
1495120707449375529, 16, 0.000024678000
Starting 2154947050573384042
2154947050573384042, 32, 0.000047606000
Starting 2405028610280934447
2405028610280934447, 8, 0.000015914000
Starting 3544154708877263599
3544154708877263599, 16, 0.000002558000
Starting 4654154020779228438
4654154020779228438, 8, 0.000007894000
Starting 1507278220508988038
1507278220508988038, 64, 0.000061884000
Starting 537475038236645067
537475038236645067, 64, 0.000058750000
Starting 7146265611724361497
7146265611724361497, 64, 0.000129000000
Starting 2502081529148995918
2502081529148995918, 8, 0.000001706000
Starting 4387574122075954138
4387574122075954138, 8, 0.000001444000
Starting 6029551250054833942
6029551250054833942, 8, 0.000001452000
Starting 8756490269364034326
8756490269364034326, 16, 0.000028934000
Starting 1999920722952474570
1999920722952474570, 16, 0.000015692000
Starting 4288914514058751832
4288914514058751832, 16, 0.000017350000
Starting 6162489437579068881
6162489437579068881, 18, 0.000021324000
Starting 5238214314052580979
5238214314052580979, 20, 0.000013216000
Starting 2464457137632011453
2464457137632011453, 18, 0.000016132000
Starting 1896860668045963786
1896860668045963786, 16, 0.000114582000
Starting 1644859574110550216
1644859574110550216, 16, 0.000009350000
Starting 6529155960832733386
6529155960832733386, 144, 0.000076724000
Starting 8507000868184821786
8507000868184821786, 144, 0.000076862000
Starting 9030296780020216044
9030296780020216044, 144, 0.000100458000
Starting 7490888130635180253
7490888130635180253, 62, 0.000057136000
Starting 8461667567311297597
8461667567311297597, 64, 0.000041738000
Starting 447758568412522093
447758568412522093, 0, 0.000001172000
Starting 52571544524403972
52571544524403972, 0, 0.000001692000
Starting 4266127735484986090
4266127735484986090, 0, 0.000001448000
Starting 535101626145003082
535101626145003082, 60, 0.000129364000
Starting 8783961436057539027
8783961436057539027, 192, 0.000025742000
Starting 3871911507105017431
3871911507105017431, 16, 0.000012580000
Starting 4108377323002413560
4108377323002413560, 16, 0.000009808000
Starting 4307408975993281173
4307408975993281173, 16, 0.000010900000
Starting 8265009597802398621
8265009597802398621, 16, 0.000017212000
Starting 1272700773107198250
1272700773107198250, 16, 0.000017328000
Starting 3401259366935989007
3401259366935989007, 64, 0.000006844000
Starting 5263339019350183238
5263339019350183238, 64, 0.000011308000
Starting 7138631499025457018
7138631499025457018, 16, 0.000034100000
Starting 5580930906091702412
5580930906091702412, 8, 0.000002012000
Starting 8434126250173450721
8434126250173450721, 480, 0.000320574000
Starting 3877767874533251128
3877767874533251128, 62, 0.000060992000
Starting 2824684230371644391
2824684230371644391, 8, 0.000015314000
Starting 8353153231812408260
8353153231812408260, 48, 0.000020798000
Starting 7567113834461165182
7567113834461165182, 0, 0.000001040000
Starting 8454213374926307893
8454213374926307893, 2, 0.000004604000
Starting 1033190085784466428
1033190085784466428, 8, 0.000020800000
Starting 6346621633839785972
6346621633839785972, 48, 0.000020968000
Starting 2411183271816935590
2411183271816935590, 0, 0.000001044000
Starting 2194188444937717018
2194188444937717018, 0, 0.000001322000
Starting 637860243328420535
637860243328420535, 0, 0.000001152000
Starting 6387702192668225956
6387702192668225956, 0, 0.000001200000
Starting 2149195926426586447
2149195926426586447, 16, 0.000007888000
Starting 3139066127137388340
3139066127137388340, 16, 0.000007852000
Starting 8248569644984606622
8248569644984606622, 8, 0.000002658000
Starting 9147235449750107770
9147235449750107770, 16, 0.000007452000
Starting 1056573000678142091
1056573000678142091, 8, 0.000013262000
Starting 4729562873147042314
4729562873147042314, 16, 0.000037004000
Starting 8766330359445477019
8766330359445477019, 8, 0.000004846000
Starting 1001681443085450725
1001681443085450725, 16, 0.000020910000
Starting 5425341151661258403
5425341151661258403, 8, 0.000020330000
Starting 7220122222419941452
7220122222419941452, 16, 0.000103148000
Starting 3695968079233089049
3695968079233089049, 8, 0.000001296000
Starting 1917913610824857076
1917913610824857076, 16, 0.000002038000
Starting 3917199841141380852
3917199841141380852, 32, 0.000003582000
Starting 599477380401153558
599477380401153558, 64, 0.000006316000
Starting 693014369312883392
693014369312883392, 16, 0.000008394000
Starting 4365632740452613557
4365632740452613557, 4, 0.000002392000
Starting 6650600138245966334
6650600138245966334, 0, 0.000001764000
Starting 2421486909625513251
2421486909625513251, 16, 0.000011080000
Starting 2131792119720414958
2131792119720414958, 16, 0.000011658000
Starting 257341284912582801
257341284912582801, 16, 0.000039408000
Starting 7804136509369740909
7804136509369740909, 32, 0.000009516000
Starting 3121078176765415429
3121078176765415429, 16, 0.000002464000
Starting 766027403326036256
766027403326036256, 14, 0.000029908000
Starting 489616574809324032
489616574809324032, 0, 0.000001434000
Starting 7441926905582281161
7441926905582281161, 0, 0.000001336000
Starting 1155059513463737866
1155059513463737866, 0, 0.000001342000
Starting 7054913640735258528
7054913640735258528, 0, 0.000001432000
Starting 4850394207972810767
4850394207972810767, 512, 0.000260840000
Starting 5392584724640796193
5392584724640796193, 16, 0.000010650000
Starting 8036263030915168787
8036263030915168787, 16, 0.000007076000
Starting 6178880113488307723
6178880113488307723, 16, 0.000009122000
Starting 273812493274802977
273812493274802977, 8, 0.000004032000
Starting 6528197990685360854
6528197990685360854, 8, 0.000005140000
Starting 5216670722584238547
5216670722584238547, 16, 0.000014966000
Starting 6917281658407217811
6917281658407217811, 16, 0.000015040000
Starting 6819826609378719243
6819826609378719243, 16, 0.000013242000
Starting 6469170720501030728
6469170720501030728, 16, 0.000016090000
Starting 6709093426547463750
6709093426547463750, 16, 0.000015730000
Starting 1038599916614120543
1038599916614120543, 16, 0.000013340000
Starting 7799343640498719912
7799343640498719912, 16, 0.000015880000
Starting 3193670249648264577
3193670249648264577, 16, 0.000016040000
Starting 2846213463801266752
2846213463801266752, 16, 0.000013210000
Starting 1121762846503193364
1121762846503193364, 8, 0.000007620000
Starting 8653064615765963932
8653064615765963932, 8, 0.000007686000
Starting 3010638576925433573
3010638576925433573, 0, 0.000000678000
Starting 5361858908412869793
5361858908412869793, 0, 0.000000686000
Starting 42949396284094442
42949396284094442, 0, 0.000000728000
Starting 5322521664545455151
5322521664545455151, 64, 0.000007098000
Starting 2788144970494936492
2788144970494936492, 0, 0.000001810000
Starting 2481729017762609892
2481729017762609892, 16, 0.000022144000
Starting 3757656139843707904
3757656139843707904, 64, 0.000039518000
Starting 7735479135719750814
7735479135719750814, 64, 0.000010218000
Starting 3367544791095700957
3367544791095700957, 16, 0.000020858000
Starting 1282218626231171623
1282218626231171623, 14, 0.000003148000
Starting 7757483826808451454
7757483826808451454, 64, 0.000047148000
Starting 2807914682485360802
2807914682485360802, 64, 0.000047052000
Starting 5604103412193742223
5604103412193742223, 64, 0.000009586000
Starting 2714165398433668369
2714165398433668369, 16, 0.000016510000
Starting 7291158603661975916
7291158603661975916, 16, 0.000016596000
Starting 7053411649506355115
7053411649506355115, 10, 0.000002996000
Starting 8505128616789521331
8505128616789521331, 0, 0.000000690000
Starting 8852940613242379579
8852940613242379579, 16, 0.000015528000
Starting 1793332309668777800
1793332309668777800, 64, 0.000033208000
Starting 1539479112333696418
1539479112333696418, 64, 0.000008556000
Starting 7841561082910469125
7841561082910469125, 64, 0.000008828000
Starting 3296475277308492313
3296475277308492313, 64, 0.000013350000
Starting 6929022002083114608
6929022002083114608, 0, 0.000001244000
Starting 8987874213466091793
8987874213466091793, 16, 0.000014358000
Starting 811510501780826292
811510501780826292, 16, 0.000016104000
Starting 3047623144111887838
3047623144111887838, 16, 0.000019592000
Starting 1194093865005409703
1194093865005409703, 1152, 0.000984202000
Starting 5768632879024241760
5768632879024241760, 12, 0.000005928000
Starting 7716612769151914843
7716612769151914843, 36, 0.000022472000
Starting 3333127649717918268
3333127649717918268, 16, 0.000015996000
Starting 7213167828491059811
7213167828491059811, 16, 0.000015314000
Starting 1195254691587439336
1195254691587439336, 16, 0.000018164000
Starting 8870295063244133259
8870295063244133259, 12, 0.000006128000
Starting 7912923201368333549
7912923201368333549, 36, 0.000022516000
Starting 3824867812515724930
3824867812515724930, 8, 0.000035060000
Starting 1692321478002037781
1692321478002037781, 16, 0.000007692000
Starting 8560180633091853858
8560180633091853858, 8, 0.000034528000
Starting 1262822849699186050
1262822849699186050, 32, 0.000004390000
Starting 5144137927673725800
5144137927673725800, 64, 0.000066314000
Starting 7841964927595219475
7841964927595219475, 0, 0.000001258000
Starting 266499625471265197
266499625471265197, 128, 0.000037754000
Starting 2096161641117380116
2096161641117380116, 128, 0.000110672000
Starting 6236723259064920845
6236723259064920845, 4, 0.000002104000
Starting 2504143579644857071
2504143579644857071, 4, 0.000008402000
Starting 1657273169596728631
1657273169596728631, 16, 0.000041886000
Starting 5199500052185293442
5199500052185293442, 16, 0.000018126000
Starting 2662249709296214891
2662249709296214891, 64, 0.000156808000
Starting 5005546705814753840
5005546705814753840, 16, 0.000017326000
Starting 1541735013160625408
1541735013160625408, 64, 0.000007152000
Starting 7695470297359662651
7695470297359662651, 32, 0.000026548000
Starting 4097340875362609032
4097340875362609032, 16, 0.000069766000
Starting 8466596258432260679
8466596258432260679, 16, 0.000067916000
Starting 257764905002799028
257764905002799028, 0, 0.000001424000
Starting 2815230223889612432
2815230223889612432, 248, 0.000084624000
Starting 9121553664435897956
9121553664435897956, 8, 0.000001704000
Starting 5811606219341404710
5811606219341404710, 8, 0.000001740000
Starting 3828305949461296239
3828305949461296239, 8, 0.000002080000
Starting 3523611011261761093
3523611011261761093, 512, 0.000290352000
Starting 3128753108375031139
3128753108375031139, 512, 0.000290750000
Starting 3902099204637203240
3902099204637203240, 0, 0.000001284000
Starting 6589956380259778706
6589956380259778706, 64, 0.000071578000
Starting 3497796896449466628
3497796896449466628, 64, 0.000075402000
Starting 8568308636855150668
8568308636855150668, 64, 0.000050534000
Starting 6080490570256819915
6080490570256819915, 64, 0.000045498000
Starting 8461338394786051518
8461338394786051518, 0, 0.000000748000
Starting 503736006057147374
503736006057147374, 16, 0.000029002000
Starting 2033272844085402010
2033272844085402010, 0, 0.000000800000
Starting 6621837167160618170
6621837167160618170, 30, 0.000047186000
Starting 8622226900784678066
8622226900784678066, 30, 0.000029052000
Starting 6870245221006028702
6870245221006028702, 30, 0.000026274000
Starting 5044275633987244194
5044275633987244194, 0, 0.000000862000
Starting 8482819377850306748
8482819377850306748, 16, 0.000028056000
Starting 7859768198596822377
7859768198596822377, 62, 0.000072160000
Starting 3480762005900986239
3480762005900986239, 64, 0.000008162000
Starting 254044307678957729
254044307678957729, 64, 0.000007746000
Starting 4595725578085213399
4595725578085213399, 2, 0.000001048000
Starting 5845489104441726800
5845489104441726800, 2, 0.000001082000
Starting 136147036393200907
136147036393200907, 16, 0.000007574000
Starting 571931728173817314
571931728173817314, 16, 0.000004462000
Starting 7362446359027652055
7362446359027652055, 16, 0.000006140000
Starting 5825424456075355849
5825424456075355849, 16, 0.000002866000
Starting 5310091211126578665
5310091211126578665, 16, 0.000003324000
Starting 2397597035345830222
2397597035345830222, 0, 0.000001084000
Starting 7369073889225595147
7369073889225595147, 16, 0.000012108000
Starting 7363639369258279312
7363639369258279312, 32, 0.000011780000
Starting 5832826821043387896
5832826821043387896, 20, 0.000012528000
Starting 446692512945146431
446692512945146431, 64, 0.000631824000
Starting 8682724417610730062
8682724417610730062, 16, 0.000126988000
Starting 8015772603296971688
8015772603296971688, 64, 0.001233190000
Starting 1020924651129497732
1020924651129497732, 32, 0.000490196000
Starting 6021698212600759463
6021698212600759463, 64, 0.000631868000
Starting 3078582124311962456
3078582124311962456, 16, 0.000127092000
Starting 4258578179408648035
4258578179408648035, 64, 0.001233224000
Starting 7296906643357557036
7296906643357557036, 32, 0.000490172000
Starting 7172059983524783860
7172059983524783860, 64, 0.000700516000
Starting 3178515681369610331
3178515681369610331, 16, 0.000151740000
Starting 2090700882033086621
2090700882033086621, 64, 0.001371976000
Starting 8566152787786414785
8566152787786414785, 32, 0.000589076000
Starting 878622249675170089
878622249675170089, 18, 0.000019028000
Starting 4788386343969595202
4788386343969595202, 80, 0.000071848000
Starting 2820946294882326022
2820946294882326022, 80, 0.000084046000
Starting 1358528822113751054
1358528822113751054, 8, 0.000001400000
Starting 2122021702462483325
2122021702462483325, 16, 0.000038934000
Starting 7609980693313753783
7609980693313753783, 16, 0.000043792000
Starting 4390499841581241363
4390499841581241363, 8, 0.000020684000
Starting 8889076813359897341
8889076813359897341, 64, 0.000042518000
Starting 9184390028204490268
9184390028204490268, 64, 0.000080044000
Starting 6475022427674231538
6475022427674231538, 128, 0.000140036000
Starting 2187880147521829399
2187880147521829399, 128, 0.000122264000
Starting 7377117246379805449
7377117246379805449, 62, 0.000034060000
Starting 7503438396648234556
7503438396648234556, 64, 0.000044040000
Starting 8906060635739131170
8906060635739131170, 128, 0.000112328000
Starting 7654012953068234758
7654012953068234758, 128, 0.000126844000
Starting 5436205515464663908
5436205515464663908, 16, 0.000010140000
Starting 7602214295503795301
7602214295503795301, 8, 0.000007868000
Starting 1432584149950115431
1432584149950115431, 8, 0.000001582000
Starting 2998288722148830304
2998288722148830304, 8, 0.000001346000
Starting 4681506005791842102
4681506005791842102, 8, 0.000007318000
Starting 6427202043457758417
6427202043457758417, 1, 0.000002298000
Starting 4635977579511472860
4635977579511472860, 0, 0.000001564000
Starting 8388803696804497377
8388803696804497377, 0, 0.000001148000
Starting 973208642521381896
973208642521381896, 16, 0.000002912000
Starting 7877021013620619858
7877021013620619858, 64, 0.000100592000
Starting 7483686973880879785
7483686973880879785, 64, 0.000050836000
Starting 2767293093006684243
2767293093006684243, 64, 0.000050900000
Starting 4047498995958271190
4047498995958271190, 30, 0.000040864000
Starting 8438342315525627807
8438342315525627807, 64, 0.000089196000
Starting 5774740309087866883
5774740309087866883, 30, 0.000044004000
Starting 9123932847290613197
9123932847290613197, 30, 0.000044800000
Starting 7748964333445021721
7748964333445021721, 64, 0.000184244000
Starting 1759037758662233177
1759037758662233177, 1, 0.000002184000
Starting 4078462292080360308
4078462292080360308, 0, 0.000001400000
Starting 5532518332931599431
5532518332931599431, 0, 0.000001092000
Starting 4789583009450503547
4789583009450503547, 16, 0.000002424000
Starting 2920516236613135750
2920516236613135750, 16, 0.000002512000
Starting 4687227714176061842
4687227714176061842, 0, 0.000001432000
Starting 9178608411773154648
9178608411773154648, 64, 0.000006238000
Starting 7973984880250092313
7973984880250092313, 64, 0.000038012000
Starting 7821469691306670458
7821469691306670458, 64, 0.000039960000
Starting 3225301927498798377
3225301927498798377, 8, 0.000030270000
Starting 8096260841693448313
8096260841693448313, 8, 0.000005744000
Starting 3158134466344039853
3158134466344039853, 16, 0.000040306000
Starting 5905851210005478734
5905851210005478734, 16, 0.000040054000
Starting 5055564128250715544
5055564128250715544, 16, 0.000037002000
Starting 1959314481106564168
1959314481106564168, 16, 0.000041166000
Starting 2742668183472657990
2742668183472657990, 16, 0.000041680000
Starting 5462206785351505882
5462206785351505882, 16, 0.000040598000
Starting 6864223568399683790
6864223568399683790, 16, 0.000041770000
Starting 3047600453413762327
3047600453413762327, 30, 0.000026352000
Starting 8681482077882247258
8681482077882247258, 30, 0.000027378000
Starting 5147057452218581865
5147057452218581865, 16, 0.000014844000
Starting 2128997605739677230
2128997605739677230, 32, 0.000025974000
Starting 2739900593837013102
2739900593837013102, 64, 0.000051152000
Starting 5684402586908356424
5684402586908356424, 64, 0.000052612000
Starting 3210109731287597332
3210109731287597332, 64, 0.000068010000
Starting 5417700872421837250
5417700872421837250, 64, 0.000067708000
Starting 7756124309813176648
7756124309813176648, 16, 0.000036460000
Starting 7017882525776511381
7017882525776511381, 64, 0.000006694000
Starting 5243586088455332180
5243586088455332180, 64, 0.000011130000
Starting 1428558743804189546
1428558743804189546, 4, 0.000007652000
Starting 2163634946178472897
2163634946178472897, 4, 0.000004576000
Starting 3746599285705615752
3746599285705615752, 8, 0.000007964000
Starting 6818637741023652257
6818637741023652257, 8, 0.000005380000
Starting 1878668098621613407
1878668098621613407, 16, 0.000025120000
Starting 5784556563623814648
5784556563623814648, 64, 0.000040400000
Starting 7025806571825669543
7025806571825669543, 14, 0.000003490000
Starting 819964568956318230
819964568956318230, 64, 0.000011038000
Starting 6148852385635160041
6148852385635160041, 64, 0.000079422000
Starting 5399610715649335479
5399610715649335479, 64, 0.000007608000
Starting 1354633186404908010
1354633186404908010, 64, 0.000033842000
Starting 5043371538765419898
5043371538765419898, 64, 0.000009494000
Starting 7435532136559093598
7435532136559093598, 64, 0.000009530000
Starting 2156486066559585134
2156486066559585134, 64, 0.000009528000
Starting 2098953276202109306
2098953276202109306, 16, 0.000038078000
Starting 5453369725097196197
5453369725097196197, 16, 0.000080776000
Starting 5414294568573855751
5414294568573855751, 16, 0.000081032000
Starting 8504089023601461619
8504089023601461619, 8, 0.000045748000
Starting 7900908045363975476
7900908045363975476, 16, 0.000031686000
Starting 6671122420395361345
6671122420395361345, 8, 0.000017712000
Starting 3085060742297983269
3085060742297983269, 8, 0.000015564000
Starting 1048963733373843556
1048963733373843556, 16, 0.000001894000
Starting 7312939883486140609
7312939883486140609, 48, 0.000004890000
Starting 1809929492509679633
1809929492509679633, 16, 0.000002234000
Starting 3446313145967688583
3446313145967688583, 48, 0.000005426000
Starting 3275559788871269625
3275559788871269625, 512, 0.000893036000
Starting 5410996158341338516
5410996158341338516, 8, 0.000009240000
Starting 5273590674374168745
5273590674374168745, 64, 0.000049182000
Starting 8757717571827876438
8757717571827876438, 8, 0.000001710000
Starting 4666424990423165540
4666424990423165540, 8, 0.000004702000
Starting 6528309472934362115
6528309472934362115, 64, 0.000006020000
Starting 7421148397145179412
7421148397145179412, 64, 0.000087062000
Starting 6643735227661921268
6643735227661921268, 64, 0.000085190000
Starting 7350052447899297723
7350052447899297723, 64, 0.000066068000
Starting 335126019090337559
335126019090337559, 64, 0.000093240000
Starting 8313450727702723083
8313450727702723083, 64, 0.000158068000
Starting 1525318624239095122
1525318624239095122, 16, 0.000012670000
Starting 356655074378244263
356655074378244263, 10, 0.000009968000
Starting 4884666450347107799
4884666450347107799, 16, 0.000013652000
Starting 6515151037259327299
6515151037259327299, 64, 0.000058976000
Starting 5162812728018010334
5162812728018010334, 126, 0.000219730000
Starting 8570179343565597000
8570179343565597000, 48, 0.000053898000
Starting 2951113504120483373
2951113504120483373, 0, 0.000001496000
Starting 5364814303863150051
5364814303863150051, 0, 0.000001232000
Starting 8419829131978439378
8419829131978439378, 0, 0.000001420000
Starting 3193868551139203001
3193868551139203001, 128, 0.000090556000
Starting 7763990271844751601
7763990271844751601, 10, 0.000009556000
Starting 2696690486304500741
2696690486304500741, 10, 0.000009728000
Starting 2734677622308364456
2734677622308364456, 0, 0.000001380000
Starting 4412272831526124413
4412272831526124413, 16, 0.000002552000
Starting 7694874298451114925
7694874298451114925, 16, 0.000013436000
Starting 5093881572911142921
5093881572911142921, 4, 0.000009144000
Starting 6196786284814458157
6196786284814458157, 62, 0.000038944000
Starting 5805265629383616969
5805265629383616969, 64, 0.000049300000
Starting 6171258988726250487
6171258988726250487, 64, 0.000049948000
Starting 8403540182972126766
8403540182972126766, 64, 0.000086758000
Starting 5652231305014018089
5652231305014018089, 0, 0.000001708000
Starting 3473404406096843170
3473404406096843170, 64, 0.000153732000
Starting 6194711683581195192
6194711683581195192, 64, 0.000052910000
Starting 839517655624373048
839517655624373048, 64, 0.000053004000
Starting 2053072697645034370
2053072697645034370, 64, 0.000065682000
Starting 3366176955283956101
3366176955283956101, 64, 0.000051296000
Starting 2798642337979143650
2798642337979143650, 64, 0.000063870000
Starting 5324450713108384265
5324450713108384265, 64, 0.000055666000
Starting 464915395900994662
464915395900994662, 64, 0.000055892000
Starting 1965931571311808897
1965931571311808897, 64, 0.000055658000
Starting 2813865528191844913
2813865528191844913, 64, 0.000053218000
Starting 3677504817062499150
3677504817062499150, 64, 0.000089476000
Starting 8013560251938897646
8013560251938897646, 64, 0.000118688000
Starting 3306093083364406964
3306093083364406964, 64, 0.000146098000
Starting 1653765026776596838
1653765026776596838, 64, 0.000092548000
Starting 3132006007961178406
3132006007961178406, 64, 0.000121988000
Starting 5442648791070964440
5442648791070964440, 64, 0.000149418000
Starting 2894661706542255805
2894661706542255805, 4, 0.000003136000
Starting 8680105452861804185
8680105452861804185, 4, 0.000003120000
Starting 2477054936913475525
2477054936913475525, 16, 0.000024222000
Starting 6670528349196180257
6670528349196180257, 16, 0.000024164000
Starting 5663717135077917002
5663717135077917002, 16, 0.000024242000
Starting 4494987423243010852
4494987423243010852, 22, 0.000025620000
Starting 2229144737366179007
2229144737366179007, 62, 0.000077518000
Starting 2288993007012173350
2288993007012173350, 62, 0.000158870000
Starting 4116459641018468769
4116459641018468769, 62, 0.000077264000
Starting 2470205328476261407
2470205328476261407, 64, 0.000249848000
Starting 8658169732640736398
8658169732640736398, 64, 0.000056010000
Starting 7240074367171851684
7240074367171851684, 64, 0.000057808000
Starting 4747185483362966257
4747185483362966257, 16, 0.000043244000
Starting 3864010291777705870
3864010291777705870, 16, 0.000021412000
Starting 1294768891030775266
1294768891030775266, 22, 0.000030612000
Starting 6449718329050031250
6449718329050031250, 16, 0.000014260000
Starting 4168888762942678527
4168888762942678527, 16, 0.000013796000
Starting 3956658644059106797
3956658644059106797, 16, 0.000014008000
Starting 1770401269525865997
1770401269525865997, 16, 0.000013834000
Starting 2125315658931788928
2125315658931788928, 16, 0.000012722000
Starting 9046622669851085638
9046622669851085638, 16, 0.000045672000
Starting 4209117433755627620
4209117433755627620, 64, 0.000055564000
Starting 2305119430694622182
2305119430694622182, 64, 0.000055572000
Starting 5765420565909649467
5765420565909649467, 64, 0.000055552000
Starting 6320047779695419328
6320047779695419328, 64, 0.000059210000
Starting 2576194713073056810
2576194713073056810, 64, 0.000058428000
Starting 4343587423764800178
4343587423764800178, 64, 0.000061840000
Starting 3798229974765756375
3798229974765756375, 64, 0.000060688000
Starting 5009185282859599937
5009185282859599937, 64, 0.000040280000
Starting 55176432020703364
55176432020703364, 64, 0.000092978000
Starting 887221693164570256
887221693164570256, 32, 0.000077102000
Starting 1934424801084075439
1934424801084075439, 32, 0.000078616000
Starting 7838401628869038643
7838401628869038643, 32, 0.000078604000
Starting 5786638023648804220
5786638023648804220, 32, 0.000080228000
Starting 2309965494392923936
2309965494392923936, 32, 0.000077116000
Starting 628944810505407221
628944810505407221, 32, 0.000078574000
Starting 2635904997700338567
2635904997700338567, 32, 0.000078866000
Starting 7924299876907693310
7924299876907693310, 32, 0.000080476000
Starting 610119636834288120
610119636834288120, 2, 0.000007596000
Starting 5434949345844276548
5434949345844276548, 0, 0.000001170000
Starting 5156017576305949139
5156017576305949139, 2, 0.000011518000
Starting 4285830639426954973
4285830639426954973, 0, 0.000001544000
Starting 4805072090475225763
4805072090475225763, 2, 0.000012410000
Starting 1167944019265226538
1167944019265226538, 0, 0.000001608000
Starting 4414741698019451741
4414741698019451741, 2, 0.000007516000
Starting 7850614584402610673
7850614584402610673, 0, 0.000001290000
Starting 6544903724963433548
6544903724963433548, 2, 0.000011546000
Starting 3136516190872566973
3136516190872566973, 0, 0.000001828000
Starting 89444412314707164
89444412314707164, 2, 0.000012436000
Starting 4293499812766670313
4293499812766670313, 0, 0.000001632000
Starting 4889771182782299020
4889771182782299020, 64, 0.000091462000
Starting 4290075148541927561
4290075148541927561, 8, 0.000013674000
Starting 1513405698340281494
1513405698340281494, 16, 0.000012150000
Starting 1515022860072836700
1515022860072836700, 0, 0.000001704000
Starting 7796329104781290778
7796329104781290778, 22, 0.000025626000
Starting 4377052595444052044
4377052595444052044, 0, 0.000001376000
Starting 1398129778481578262
1398129778481578262, 0, 0.000001802000
Starting 6557008437377381332
6557008437377381332, 22, 0.000025520000
Starting 5488259420826261633
5488259420826261633, 64, 0.000072444000
Starting 4525547307088362672
4525547307088362672, 64, 0.000054528000
Starting 8453460643207849115
8453460643207849115, 64, 0.000082568000
Starting 5115845149225568309
5115845149225568309, 64, 0.000084996000
Starting 4618041607227245443
4618041607227245443, 64, 0.000041016000
Starting 4059002392631144894
4059002392631144894, 64, 0.000049770000
Starting 6989873989664138277
6989873989664138277, 64, 0.000060142000
Starting 8627382576971679453
8627382576971679453, 62, 0.000073206000
Starting 5617007534840743874
5617007534840743874, 64, 0.000110756000
Starting 4681820242391296611
4681820242391296611, 64, 0.000110588000
Starting 3811276166839129259
3811276166839129259, 64, 0.000100264000
